Result Log
{
	"opponent":"random",
	"numberOfParents":25,
	"numberOfChildren":25,
	"mutationChance":".05",
	"parentSelection":
		{
			"mode":"o",
			"overSelectionCutoff":".2"
		},
	"survivorSelection":
		{
			"mode":"t",
			"k":5
		},
	"runs":"1",
	"terminationConditions":
		{
			"mode":"e",
			"n":"2000"
		},
	"penaltyCoefficient":".1",
	"pillDensity":".5",
	"fruitSpawnChance":"1",
	"fruitScore":10,
	"timeMultiplier":3,
	"randomSeed":"",
	"logFilePath":"./logs/randomlog.txt",
	"solutionFilePath":"./solutions/randomsolution.txt",
	"maxTreeDepth":3
}
Time in microseconds: 1575747375698345

Run 1
50	-38.38	54
75	4.84	99
100	14.44	127
125	34.94	127
150	49.0	146
175	59.66	170
200	67.26	178
225	94.4	178
250	92.5	178
275	111.58	191
300	113.2	191
325	134.22	191
350	146.54	191
375	140.84	191
400	142.52	193
425	142.22	193
450	151.02	193
475	142.76	193
500	149.78	193
525	159.52	193
550	149.42	193
575	159.34	197
600	142.12	197
625	146.1	197
650	151.78	197
675	163.46	197
700	158.48	199
725	154.94	199
750	163.44	199
775	159.3	199
800	159.78	199
825	159.16	199
850	161.28	199
875	151.16	199
900	149.28	199
925	151.98	203
950	153.2	203
975	162.44	203
1000	156.2	203
1025	157.44	203
1050	157.66	203
1075	156.76	203
1100	171.12	203
1125	158.38	203
1150	156.62	203
1175	154.82	203
1200	164.14	203
1225	142.86	203
1250	148.68	203
1275	160.82	203
1300	159.86	203
1325	160.82	203
1350	153.92	203
1375	161.84	203
1400	164.86	203
1425	163.1	203
1450	159.38	203
1475	164.48	203
1500	164.48	203
1525	152.36	203
1550	159.0	203
1575	162.78	203
1600	154.86	203
1625	165.74	203
1650	163.96	203
1675	154.7	203
1700	159.74	203
1725	151.28	203
1750	153.2	203
1775	172.6	203
1800	155.32	203
1825	165.54	203
1850	152.26	203
1875	157.08	203
1900	160.1	203
1925	165.18	203
1950	157.26	203
1975	168.16	203
2000	161.32	203