Result Log
{
	"opponent":"stockfish",
	"numberOfParents":25,
	"numberOfChildren":25,
	"mutationChance":".05",
	"parentSelection":
		{
			"mode":"o",
			"overSelectionCutoff":".2"
		},
	"survivorSelection":
		{
			"mode":"t",
			"k":5
		},
	"runs":"1",
	"terminationConditions":
		{
			"mode":"e",
			"n":"2000"
		},
	"penaltyCoefficient":".1",
	"pillDensity":".5",
	"fruitSpawnChance":"1",
	"fruitScore":10,
	"timeMultiplier":3,
	"randomSeed":"",
	"logFilePath":"./logs/stockfishlog.txt",
	"solutionFilePath":"./solutions/stockfishsolution.txt",
	"maxTreeDepth":3
}
Time in microseconds: 1575753528436427

Run 1
50	-191.02	-181
75	-189.44	-174
100	-188.78	-172
125	-187.52	-172
150	-184.84	-169
175	-184.04	-169
200	-182.42	-163
225	-181.6	-163
250	-180.68	-163
275	-177.76	-158
300	-178.18	-158
325	-176.76	-158
350	-172.62	-155
375	-171.44	-155
400	-171.24	-155
425	-172.12	-155
450	-169.16	-154
475	-167.88	-149
500	-170.28	-149
525	-169.08	-149
550	-170.08	-149
575	-166.96	-149
600	-165.2	-149
625	-165.82	-149
650	-166.9	-149
675	-166.62	-149
700	-166.28	-143
725	-166.0	-143
750	-166.94	-143
775	-166.24	-143
800	-164.58	-120
825	-163.6	-120
850	-167.26	-120
875	-167.32	-120
900	-165.62	-120
925	-164.3	-120
950	-165.4	-120
975	-164.36	-120
1000	-163.12	-120
1025	-161.52	-120
1050	-163.66	-120
1075	-165.76	-120
1100	-161.3	-120
1125	-162.34	-120
1150	-162.86	-120
1175	-162.12	-120
1200	-163.2	-120
1225	-161.94	-120
1250	-162.34	-120
1275	-161.1	-120
1300	-161.44	-120
1325	-161.46	-120
1350	-161.72	-120
1375	-163.36	-120
1400	-162.18	-120
1425	-161.68	-120
1450	-161.18	-120
1475	-160.76	-120
1500	-163.06	-120
1525	-161.02	-120
1550	-162.54	-120
1575	-159.38	-120
1600	-159.5	-120
1625	-159.62	-120
1650	-159.34	-120
1675	-158.3	-120
1700	-162.04	-120
1725	-160.2	-120
1750	-160.42	-120
1775	-159.72	-120
1800	-159.8	-120
1825	-159.22	-120
1850	-159.78	-120
1875	-157.94	-120
1900	-160.4	-120
1925	-160.76	-120
1950	-159.82	-120
1975	-161.06	-120
2000	-161.0	-120